          Feature1  Feature2  Feature3  Feature4  Feature5  Feature6  Feature7  Feature8  Target
Feature1  1.000000 -0.015493  0.102707 -0.176421 -0.182934  0.091822 -0.004347 -0.115118  0.111473 
Feature2 -0.015493  1.000000 -0.033049 -0.035620 -0.026728 -0.027703 -0.026400 -0.015712 -0.030980   
Feature3  0.102707 -0.033049  1.000000  0.413414  0.771473  0.932508  0.818815  0.814450  0.960788   
Feature4 -0.176421 -0.035620  0.413414  1.000000  0.603953  0.423395  0.450557  0.575451  0.409481   
Feature5 -0.182934 -0.026728  0.771473  0.603953  1.000000  0.737058  0.786673  0.928318  0.747800  
Feature6  0.091822 -0.027703  0.932508  0.423395  0.737058  1.000000  0.937102  0.785695  0.991483
Feature7 -0.004347 -0.026400  0.818815  0.450557  0.786673  0.937102  1.000000  0.750764  0.926291 
Feature8 -0.115118 -0.015712  0.814450  0.575451  0.928318  0.785695  0.750764  1.000000  0.782104  
Target    0.111473 -0.030980  0.960788  0.409481  0.747800  0.991483  0.926291  0.782104  1.000000